[gd_scene load_steps=3 format=3 uid="uid://el577bjkg3k3"]

[ext_resource type="Texture2D" uid="uid://dhpf8neckko0l" path="res://src/resources/models/claire/tex/rp_sophia_animated_003_dif.jpg" id="1_l1ie3"]

[sub_resource type="StandardMaterial3D" id="StandardMaterial3D_jhgg3"]
albedo_texture = ExtResource("1_l1ie3")

[node name="rp_sophia_animated_003_idling"]

[node name="Skeleton3D" parent="RootNode/rp_sophia_animated_003_idling/rp_sophia_animated_003_idling_CTRL/rp_sophia_animated_003_idling_root" index="0"]
bones/0/rotation = Quaternion(-0.0930213, -0.656151, -0.0509081, 0.747142)
bones/1/rotation = Quaternion(-0.012764, -0.0105933, -0.0923242, 0.995591)
bones/2/rotation = Quaternion(-0.0228326, -0.0412419, 0.0385071, 0.998146)
bones/3/rotation = Quaternion(-0.017789, -0.0396153, 0.116331, 0.992261)
bones/4/rotation = Quaternion(-0.00532629, 0.000577296, -0.199749, 0.979832)
bones/5/rotation = Quaternion(-0.00814815, 0.0263311, 0.0649452, 0.997508)
bones/6/rotation = Quaternion(0.00291902, 0.00509208, 0.867547, -0.497321)
bones/7/rotation = Quaternion(-7.61442e-09, 3.1569e-08, -0.707107, 0.707107)
bones/8/rotation = Quaternion(-5.14494e-09, 3.86483e-08, -0.707106, 0.707108)
bones/9/rotation = Quaternion(0.0677373, 0.773795, -0.067535, 0.626172)
bones/10/rotation = Quaternion(0.0189251, 0.607309, 0.0363523, 0.793408)
bones/11/rotation = Quaternion(0.208362, -0.0230588, -0.109677, 0.971609)
bones/12/rotation = Quaternion(-0.721317, -0.0746667, -0.147279, 0.672633)
bones/13/rotation = Quaternion(0.607881, 0.385228, 0.0201581, 0.694027)
bones/14/rotation = Quaternion(-0.00948505, -0.0790151, 0.277562, 0.957406)
bones/15/rotation = Quaternion(-1.87799e-05, -0.0541377, 0.23462, 0.970578)
bones/16/rotation = Quaternion(0.000389604, 4.59948e-05, 0.114487, 0.993425)
bones/17/rotation = Quaternion(-1.30385e-08, -1.06501e-07, 0.114487, 0.993425)
bones/18/rotation = Quaternion(-2.91758e-07, 2.21373e-07, 0.114486, 0.993425)
bones/19/rotation = Quaternion(0.000415806, 0.000197815, 0.188063, 0.982157)
bones/20/rotation = Quaternion(8.56397e-10, 1.53359e-08, 0.188067, 0.982156)
bones/21/rotation = Quaternion(-3.54988e-08, -5.23129e-08, 0.188063, 0.982157)
bones/22/rotation = Quaternion(0.000401907, 0.000168636, 0.187194, 0.982323)
bones/23/rotation = Quaternion(1.89212e-08, -2.08764e-07, 0.187177, 0.982326)
bones/24/rotation = Quaternion(-2.43895e-08, -1.10832e-07, 0.187176, 0.982326)
bones/27/rotation = Quaternion(-1.11781e-08, 2.24013e-07, 0.247899, 0.968786)
bones/29/rotation = Quaternion(-0.023283, -3.78657e-07, -2.21218e-07, 0.999729)
bones/30/rotation = Quaternion(-0.688739, 0.0782218, 0.720551, 0.018053)
bones/31/rotation = Quaternion(0.21121, 0.373033, 0.0957073, 0.898375)
bones/32/rotation = Quaternion(0.0330412, 0.477739, -0.425256, 0.768005)
bones/33/rotation = Quaternion(-0.183447, 0.0675618, -0.295791, 0.935035)
bones/34/rotation = Quaternion(0.518973, 0.393456, 0.233828, 0.72193)
bones/35/rotation = Quaternion(-0.000131871, -0.11392, 0.556512, 0.822992)
bones/36/rotation = Quaternion(-0.000254661, -0.029043, 0.142292, 0.989398)
bones/37/rotation = Quaternion(-0.0197385, 0.0569472, -0.0933754, 0.993805)
bones/38/rotation = Quaternion(-3.18967e-07, -3.30122e-07, 0.177613, 0.9841)
bones/39/rotation = Quaternion(6.2926e-07, -7.12582e-06, 0.0713528, 0.997451)
bones/40/rotation = Quaternion(0.000194857, -0.000198442, -0.044398, 0.999014)
bones/41/rotation = Quaternion(-1.35156e-06, -3.04109e-06, 0.290067, 0.957006)
bones/42/rotation = Quaternion(-4.26649e-07, 2.67999e-07, 0.109045, 0.994037)
bones/43/rotation = Quaternion(0.000221758, -0.0002537, 0.00684764, 0.999977)
bones/44/rotation = Quaternion(1.28311e-07, 1.48458e-06, 0.196297, 0.980545)
bones/45/rotation = Quaternion(-3.04631e-06, 5.42377e-06, 0.120718, 0.992687)
bones/46/rotation = Quaternion(0.000113815, -0.000244006, 0.111765, 0.993735)
bones/47/rotation = Quaternion(-6.82577e-07, -7.70334e-08, 0.176576, 0.984287)
bones/48/rotation = Quaternion(-7.60959e-07, 3.74989e-06, 0.121939, 0.992538)
bones/49/rotation = Quaternion(0.376801, -4.30695e-07, 6.41718e-07, 0.926294)
bones/50/rotation = Quaternion(-0.0232333, -1.49664e-07, 2.63322e-08, 0.99973)
bones/51/rotation = Quaternion(0.219689, -0.0367442, -0.0692763, 0.972413)
bones/52/position = Vector3(-0.397283, -0.014608, -0.0443283)
bones/52/rotation = Quaternion(0.0389257, 0.0389998, 0.0482632, 0.997314)
bones/52/scale = Vector3(0.999999, 1, 1)
bones/53/position = Vector3(-0.375335, -0.00247568, -0.00576645)
bones/53/rotation = Quaternion(-0.247423, -0.0564113, -0.124005, 0.959282)
bones/54/rotation = Quaternion(0.0546302, -0.0165058, -0.615953, 0.785713)
bones/55/rotation = Quaternion(0.00293335, 0.000916016, -0.00184965, 0.999994)
bones/56/position = Vector3(-0.198329, -0.00869064, -0.0263721)
bones/56/rotation = Quaternion(-0.232227, -0.113155, 0.0473251, 0.964897)
bones/57/rotation = Quaternion(-0.0606273, -0.107365, 0.991991, 0.0274121)
bones/58/rotation = Quaternion(-0.0184724, 0.0222507, -0.0544182, 0.998099)
bones/59/rotation = Quaternion(0.128621, -0.0619228, 0.0750099, 0.986912)
bones/60/rotation = Quaternion(-0.00225211, -0.00223364, -0.704188, 0.710007)

[node name="BoneAttachment3D" parent="RootNode/rp_sophia_animated_003_idling/rp_sophia_animated_003_idling_CTRL/rp_sophia_animated_003_idling_root/Skeleton3D" index="0"]
transform = Transform3D(-0.0269781, 0.327313, -0.944531, -0.0638096, 0.942384, 0.328392, 0.997597, 0.0691295, -0.00453791, -0.0142756, 0.0599373, 1.48432)
bone_idx = 5

[node name="BoneAttachment3D2" parent="RootNode/rp_sophia_animated_003_idling/rp_sophia_animated_003_idling_CTRL/rp_sophia_animated_003_idling_root/Skeleton3D" index="1"]
transform = Transform3D(-0.278363, -0.194272, -0.940622, -0.777582, -0.529294, 0.339431, -0.563808, 0.825897, -0.00372613, -0.0238966, 0.0299066, 1.51817)
bone_idx = 6

[node name="BoneAttachment3D3" parent="RootNode/rp_sophia_animated_003_idling/rp_sophia_animated_003_idling_CTRL/rp_sophia_animated_003_idling_root/Skeleton3D" index="2"]
transform = Transform3D(-0.327313, -0.026978, -0.94453, -0.942384, -0.0638096, 0.328392, -0.0691295, 0.997597, -0.00453785, -0.0189631, -0.0398327, 1.56406)
bone_idx = 7

[node name="BoneAttachment3D4" parent="RootNode/rp_sophia_animated_003_idling/rp_sophia_animated_003_idling_CTRL/rp_sophia_animated_003_idling_root/Skeleton3D" index="3"]
transform = Transform3D(-0.327314, -0.0269771, -0.94453, -0.942384, -0.063807, 0.328392, -0.0691267, 0.997598, -0.00453784, -0.0730548, -0.0191637, 1.56333)
bone_idx = 8

[node name="BoneAttachment3D5" parent="RootNode/rp_sophia_animated_003_idling/rp_sophia_animated_003_idling_CTRL/rp_sophia_animated_003_idling_root/Skeleton3D" index="4"]
transform = Transform3D(0.28406, 0.589871, 0.755884, 0.130404, 0.757266, -0.639955, -0.949897, 0.280356, 0.138188, 0.152168, -0.0720043, 0.783573)
bone_idx = 15

[node name="BoneAttachment3D6" parent="RootNode/rp_sophia_animated_003_idling/rp_sophia_animated_003_idling_CTRL/rp_sophia_animated_003_idling_root/Skeleton3D" index="5"]
transform = Transform3D(-0.29167, -0.701895, 0.649825, -0.0189873, 0.683479, 0.729723, -0.956331, 0.2005, -0.212677, 0.183023, -0.0889132, 0.732022)
bone_idx = 18

[node name="BoneAttachment3D7" parent="RootNode/rp_sophia_animated_003_idling/rp_sophia_animated_003_idling_CTRL/rp_sophia_animated_003_idling_root/Skeleton3D" index="6"]
transform = Transform3D(-0.566384, -0.506806, 0.64989, 0.278017, 0.624847, 0.72957, -0.775832, 0.593897, -0.213002, 0.187661, -0.0724884, 0.718115)
bone_idx = 21

[node name="BoneAttachment3D8" parent="RootNode/rp_sophia_animated_003_idling/rp_sophia_animated_003_idling_CTRL/rp_sophia_animated_003_idling_root/Skeleton3D" index="7"]
transform = Transform3D(-0.563636, -0.509892, 0.649865, 0.274657, 0.626289, 0.729607, -0.779024, 0.589723, -0.212954, 0.198063, -0.0558847, 0.721642)
bone_idx = 24

[node name="BoneAttachment3D9" parent="RootNode/rp_sophia_animated_003_idling/rp_sophia_animated_003_idling_CTRL/rp_sophia_animated_003_idling_root/Skeleton3D" index="8"]
transform = Transform3D(-0.710635, -0.269111, 0.650059, 0.484306, 0.483096, 0.729428, -0.510338, 0.833185, -0.212973, 0.20106, -0.0329981, 0.736517)
bone_idx = 27

[node name="BoneAttachment3D10" parent="RootNode/rp_sophia_animated_003_idling/rp_sophia_animated_003_idling_CTRL/rp_sophia_animated_003_idling_root/Skeleton3D" index="9"]
transform = Transform3D(0.489247, 0.770481, 0.408652, -0.0406288, -0.447916, 0.893152, 0.871198, -0.453575, -0.187838, -0.170298, 0.112897, 0.945203)
bone_idx = 36

[node name="BoneAttachment3D11" parent="RootNode/rp_sophia_animated_003_idling/rp_sophia_animated_003_idling_CTRL/rp_sophia_animated_003_idling_root/Skeleton3D" index="10"]
transform = Transform3D(-0.421299, -0.541312, 0.72766, 0.729472, -0.678986, -0.0827545, 0.538866, 0.495943, 0.680928, -0.166697, 0.0191675, 0.954902)
bone_idx = 39

[node name="BoneAttachment3D12" parent="RootNode/rp_sophia_animated_003_idling/rp_sophia_animated_003_idling_CTRL/rp_sophia_animated_003_idling_root/Skeleton3D" index="11"]
transform = Transform3D(-0.520135, -0.372663, 0.768493, 0.388333, -0.90459, -0.175826, 0.760695, 0.206978, 0.615226, -0.178203, 0.016194, 0.927803)
bone_idx = 42

[node name="BoneAttachment3D13" parent="RootNode/rp_sophia_animated_003_idling/rp_sophia_animated_003_idling_CTRL/rp_sophia_animated_003_idling_root/Skeleton3D" index="12"]
transform = Transform3D(-0.493774, -0.406847, 0.768546, 0.448367, -0.876378, -0.175864, 0.745086, 0.257753, 0.61515, -0.189897, 0.0313574, 0.920001)
bone_idx = 45

[node name="BoneAttachment3D14" parent="RootNode/rp_sophia_animated_003_idling/rp_sophia_animated_003_idling_CTRL/rp_sophia_animated_003_idling_root/Skeleton3D" index="13"]
transform = Transform3D(-0.556429, -0.316053, 0.768439, 0.291203, -0.940352, -0.175898, 0.778195, 0.125897, 0.615274, -0.199849, 0.0594271, 0.91398)
bone_idx = 48

[node name="BoneAttachment3D15" parent="RootNode/rp_sophia_animated_003_idling/rp_sophia_animated_003_idling_CTRL/rp_sophia_animated_003_idling_root/Skeleton3D" index="14"]
transform = Transform3D(-0.152499, -0.0446955, -0.987292, -0.988216, 0.0201799, 0.151729, 0.0131418, 0.998796, -0.047246, -0.00225543, -0.0347427, -0.0402357)
bone_idx = 54

[node name="BoneAttachment3D16" parent="RootNode/rp_sophia_animated_003_idling/rp_sophia_animated_003_idling_CTRL/rp_sophia_animated_003_idling_root/Skeleton3D" index="15"]
transform = Transform3D(0.195153, -0.103853, -0.975259, 0.978881, -0.041099, 0.200255, -0.0608792, -0.993743, 0.0936393, -0.135705, -0.0273318, 0.0139036)
bone_idx = 60

[node name="rp_sophia_animated_003_idling_geo" parent="RootNode/rp_sophia_animated_003_idling/rp_sophia_animated_003_idling_CTRL/rp_sophia_animated_003_idling_root/Skeleton3D" index="16"]
surface_material_override/0 = SubResource("StandardMaterial3D_jhgg3")
