<?xml version="1.0" encoding="utf-8"?>
<COLLADA version="1.5.0" xmlns="http://www.collada.org/2008/03/COLLADASchema">
  <asset>
    <contributor>
      <author_website>C:\renderpeople\rp_nathan_animated_003_walking_ue4.fbx</author_website>
      <authoring_tool>Maya</authoring_tool>
    </contributor>
    <created>2019-11-21T07:37:54.978Z</created>
    <unit meter="1" />
  </asset>
  <library_lights />
  <library_materials />
  <library_effects />
  <library_cameras />
  <library_geometries />
  <library_images />
  <library_visual_scenes>
    <visual_scene id="Scene">
      <node id="root" sid="root" name="root" type="JOINT">
        <matrix>1 0 0 0 0 1 0 0 0 0 1 3.57912230491638184 0 0 0 1</matrix>
        <node id="pelvis" sid="pelvis" name="pelvis" type="JOINT">
          <matrix>0.02319037552215123 0.01155733673048309 -0.99966426086503664 -0.6757755279541016 0.99749484191663296 -0.06711098649544102 0.02236416422136274 94.57774353027343752 -0.06682998453428636 -0.99767857722780992 -0.01308471275344182 -0.28104105591773988 0 0 0 1</matrix>
          <node id="spine_01" sid="spine_01" name="spine_01" type="JOINT">
            <matrix>0.9985270244271456 0.03990838437158732 -0.03675734410319635 14.93551540374755856 -0.04059295527186442 0.99901236157071616 -0.01806968210007119 -8.145767424139194E-06 0.03599990931887958 0.01953515512482212 0.99916084002691072 1.9648371107905405E-06 0 0 0 1</matrix>
            <node id="spine_02" sid="spine_02" name="spine_02" type="JOINT">
              <matrix>0.9971547317671056 0.07430101408032125 -0.01272007158420558 14.93551445007324224 -0.07472153225647765 0.99653257142855488 -0.03659954506870798 1.9881491652995464E-07 0.00995658233108026 0.03744587278496953 0.99924905458031648 -2.691025144940795E-07 0 0 0 1</matrix>
              <node id="spine_03" sid="spine_03" name="spine_03" type="JOINT">
                <matrix>0.99707229139379104 0.07524934456086962 -0.01357872887623912 14.93549728393554688 -0.07566746731417544 0.99657084166918032 -0.03348121749637772 -7.582869443467644E-07 0.01101272559328888 0.0344106622711781 0.99934709995930128 4.6303674139380746E-07 0 0 0 1</matrix>
                <node id="neck_01" sid="neck_01" name="neck_01" type="JOINT">
                  <matrix>0.99236957971839712 0.11635653594087522 0.04078938334139959 14.93575572967529296 -0.11744281003741772 0.99275671472694032 0.02532373856853438 -1.5627610991941765E-06 -0.03754735170483864 -0.02992092759946243 0.99884680230330656 -1.4061356523598079E-06 0 0 0 1</matrix>
                  <node id="head" sid="head" name="head" type="JOINT">
                    <matrix>0.96377285062137856 -0.266473729848821 -0.01156043708512456 11.51963043212890624 0.26669309395178032 0.96341803379678288 0.02646669215387115 -2.7283320378046483E-05 0.00408485539137954 -0.02859096807732164 0.99958284824262208 1.2608121551238582E-06 0 0 0 1</matrix>
                    <node id="head_end" sid="head_end" name="head_end" type="JOINT">
                      <matrix>1 0 0 19.38007354736328128 0 1 0 0 0 0 1 0 0 0 0 1</matrix>
                    </node>
                    <node id="jaw" sid="jaw" name="jaw" type="JOINT">
                      <matrix>-0.53979002760654184 0.8417996947591088 -2.463627023739645E-11 0.79181909561157232 -0.84179883260028304 -0.5397894747616024 -0.0014312125607689 -1.59479475021362304 -0.00120479431008906 -0.00077255424694949 0.9999989758147784 0.00577274244278669 0 0 0 1</matrix>
                      <node id="jaw_end" sid="jaw_end" name="jaw_end" type="JOINT">
                        <matrix>0.99999999999999984 0 0 8.90276145935058592 0 1 0 0 0 0 1 0 0 0 0 1</matrix>
                      </node>
                    </node>
                    <node id="eye_l" sid="eye_l" name="eye_l" type="JOINT">
                      <matrix>-4.788119288143652E-06 1.00000000000000976 7.272200056103792E-08 6.31119108200073244 -1.00000000000000976 -4.788119282855138E-06 -7.272234876348486E-08 -7.33147811889648436 -7.272200056187202E-08 -7.272234876431904E-08 1 -3.08618545532226562 0 0 0 1</matrix>
                      <node id="eye_end_l" sid="eye_end_l" name="eye_end_l" type="JOINT">
                        <matrix>1 0 0 1.22234773635864256 0 1 0 0 0 0 1 0 0 0 0 1</matrix>
                      </node>
                    </node>
                    <node id="eye_r" sid="eye_r" name="eye_r" type="JOINT">
                      <matrix>-1.7859982370211504E-06 0.99999999999840512 4.1710121637388636E-08 6.35162353515625 -1.00000000000000355 -1.7859982352785582E-06 -4.171019613165886E-08 -7.2338533401489258 -4.171012163738863E-08 -4.1710196131592124E-08 1.00000000000159849 2.78400564193725584 0 0 0 1</matrix>
                      <node id="eye_end_r" sid="eye_end_r" name="eye_end_r" type="JOINT">
                        <matrix>1.00000000000000022 0 0 1.39018261432647704 0 1.00000000000000044 0 0 0 0 1 0 0 0 0 1</matrix>
                      </node>
                    </node>
                    <node id="mouth_l" sid="mouth_l" name="mouth_l" type="JOINT">
                      <matrix>1.9176131555739852E-09 1 -1.9176131555739943E-09 -0.58353447914123536 -0.70710678118654576 2.7119145319978043E-09 0.7071067811865492 -8.56712150573730472 0.7071067811865492 0 0.70710678118654576 -2.73273229598999024 0 0 0 1</matrix>
                    </node>
                    <node id="mouth_r" sid="mouth_r" name="mouth_r" type="JOINT">
                      <matrix>1.9567624689757914E-09 1 1.9567625474804204E-09 -0.62035393714904784 -0.70710678118654648 2.7672800774793825E-09 -0.70710678118654856 -8.80244350433349616 -0.70710678118654856 -5.551115123125784E-17 0.70710678118654648 2.4369244575500488 0 0 0 1</matrix>
                    </node>
                    <node id="eyelid_l" sid="eyelid_l" name="eyelid_l" type="JOINT">
                      <matrix>0.24253234686962752 0.97014331968112192 5.290634793571525E-08 6.31119108200073244 -0.97014331968112192 0.24253234686962976 -4.1308172095373855E-08 -7.33147811889648436 -5.2906347935715304E-08 -4.1308172095373796E-08 0.9999999999999976 -3.08618545532226562 0 0 0 1</matrix>
                      <node id="eyelid_end_l" sid="eyelid_end_l" name="eyelid_end_l" type="JOINT">
                        <matrix>1 0 0 1.6799548864364624 0 1 0 0 0 0 0.99999999999999984 0 0 0 0 1</matrix>
                      </node>
                    </node>
                    <node id="eyelid_r" sid="eyelid_r" name="eyelid_r" type="JOINT">
                      <matrix>0.22105053586232776 0.97526235475126208 3.1452085202852155E-08 6.35162353515625 -0.97526235475126224 0.22105053586232856 -2.5121019790641487E-08 -7.2338533401489258 -3.145208520285216E-08 -2.5121019790641484E-08 0.9999999999999992 2.78400564193725584 0 0 0 1</matrix>
                      <node id="eyelid_end_r" sid="eyelid_end_r" name="eyelid_end_r" type="JOINT">
                        <matrix>0.22105053586232908 -0.97526235475126176 -3.145208520285214E-08 1.8432289361953736 0.97526235475126192 0.22105053586232988 -2.5121019790641477E-08 0 3.145208520285218E-08 -2.5121019790641434E-08 0.9999999999999992 0 0 0 0 1</matrix>
                      </node>
                    </node>
                    <node id="eyebrow_l" sid="eyebrow_l" name="eyebrow_l" type="JOINT">
                      <matrix>-0.70710678120612056 0.70710678116697448 -2.7396637178148755E-09 7.35045480728149416 -1.9372326032613907E-09 1.937236982813902E-09 1 -10.2606477737426758 0.70710678116697448 0.70710678120612056 -3.096887114641499E-15 -1.86994242668151856 0 0 0 1</matrix>
                    </node>
                    <node id="eyebrow_r" sid="eyebrow_r" name="eyebrow_r" type="JOINT">
                      <matrix>-0.70710678116698408 0.70710678120611096 4.318416515665242E-15 7.39526987075805664 -8.659560562115351E-17 6.0205675986444226E-15 -1 -10.11520767211914062 -0.70710678120611096 -0.70710678116698408 -4.195951835518329E-15 1.95722007751464848 0 0 0 1</matrix>
                    </node>
                  </node>
                </node>
                <node id="clavicle_l" sid="clavicle_l" name="clavicle_l" type="JOINT">
                  <matrix>-0.26580695084161532 -0.06552865907868381 0.96179657918066688 13.21664905548095704 -0.06568903903179343 0.99659937699063984 0.04974567250473041 1.7880473136901856 -0.96178563881738336 -0.04995674750439626 -0.2692075562524562 -5.80788898468017584 0 0 0 1</matrix>
                  <node id="upperarm_l" sid="upperarm_l" name="upperarm_l" type="JOINT">
                    <matrix>0.3456807562088266 0.04963445882272843 0.93703854525001744 13.64408111572265624 -0.08209934726439712 0.9963703579763744 -0.02249015172896093 7.520343388023321E-07 -0.9347537172783288 -0.0691558402696882 0.34850101548049988 7.554151125077624E-06 0 0 0 1</matrix>
                    <node id="lowerarm_l" sid="lowerarm_l" name="lowerarm_l" type="JOINT">
                      <matrix>0.96509940661846544 0.24520389348489168 -0.0919683965530313 26.68020629882812496 -0.26088492383002092 0.86954016324137936 -0.41933156455048688 2.110713921865681E-06 -0.02285151773711981 0.42868981225357448 0.9031626946498096 -6.990818235408369E-08 0 0 0 1</matrix>
                      <node id="hand_l" sid="hand_l" name="hand_l" type="JOINT">
                        <matrix>0.99668771147293664 0.07695104497525528 -0.02630860080004985 25.83732604980468752 0.04540492544659325 -0.25816198863376268 0.96503408249131296 -3.7166000765864737E-06 0.06746850038373058 -0.9630321512295824 -0.26080083810082612 -6.668058631476015E-06 0 0 0 1</matrix>
                        <node id="thumb_01_l" sid="thumb_01_l" name="thumb_01_l" type="JOINT">
                          <matrix>0.80254271884895984 0.45885810229845 0.38127998423413832 5.48426437377929688 0.39707337094857272 0.0661537838237074 -0.91539959305723056 1.35061430931091308 -0.44526163376834584 0.88604340686044928 -0.12910909593468608 -3.2953777313232422 0 0 0 1</matrix>
                          <node id="thumb_02_l" sid="thumb_02_l" name="thumb_02_l" type="JOINT">
                            <matrix>0.87115933039024768 -0.49092600093258704 0.00854884099470967 3.74627280235290528 0.49082877876669384 0.87118311693052016 0.011273274130416 2.2945932869333774E-06 -0.01298194933017649 -0.0056248007574549 0.9998999102950392 4.153037593823683E-07 0 0 0 1</matrix>
                            <node id="thumb_03_l" sid="thumb_03_l" name="thumb_03_l" type="JOINT">
                              <matrix>0.90646293689592288 -0.42206163972702552 -0.01374468278834354 3.23332953453063964 0.42222094390146056 0.90641299741826464 0.01203962799243623 1.077429033102817E-06 0.00737689399255467 -0.01671676948967869 0.99983305159053952 8.005515041986655E-07 0 0 0 1</matrix>
                              <node id="thumb_end_l" sid="thumb_end_l" name="thumb_end_l" type="JOINT">
                                <matrix>0.9999999999996584 -4.758397597044062E-07 -6.75752060136107E-07 2.4630475044250488 4.758397253963167E-07 0.99999999999988544 -5.0770392676135504E-08 -5.66429093851184E-07 6.757520842946011E-07 5.0770071126443434E-08 0.99999999999977024 9.18399962301919E-07 0 0 0 1</matrix>
                              </node>
                            </node>
                          </node>
                        </node>
                        <node id="index_01_l" sid="index_01_l" name="index_01_l" type="JOINT">
                          <matrix>0.97069867280234816 -0.23994174875173276 0.01311654778211001 10.61610984802246096 0.2374033976922104 0.96601767937454816 0.10222264866460266 0.5459662675857544 -0.03719829813249804 -0.09611347637960538 0.99467506567435008 -2.63810396194458008 0 0 0 1</matrix>
                          <node id="index_02_l" sid="index_02_l" name="index_02_l" type="JOINT">
                            <matrix>0.88638096679251616 -0.46237774198786256 -0.02314315065348831 4.20008850097656248 0.46234235027765088 0.88667243969074944 -0.00717884618810974 -8.504611059834133E-07 0.0238397325425954 -0.00433686604129205 0.99970638626810688 3.1266257138895526E-08 0 0 0 1</matrix>
                            <node id="index_03_l" sid="index_03_l" name="index_03_l" type="JOINT">
                              <matrix>0.95929530087742912 -0.28200126409434544 -0.01509346758283233 2.42145419120788576 0.28167069293330356 0.95928519841487136 -0.02082135549413976 1.2373018307698658E-06 0.0203505886144709 0.01572244101060397 0.99966927450618016 -8.593908091825142E-07 0 0 0 1</matrix>
                              <node id="index_end_l" sid="index_end_l" name="index_end_l" type="JOINT">
                                <matrix>0.99999999999993856 2.4498683116060546E-07 2.5048050666279633E-07 2.34689831733703612 -2.449867761111402E-07 0.99999999999994576 -2.1977545398691517E-07 -5.073164288660337E-07 -2.504805605048748E-07 2.1977539262248985E-07 0.99999999999994432 -2.504600331576512E-07 0 0 0 1</matrix>
                              </node>
                            </node>
                          </node>
                        </node>
                        <node id="middle_01_l" sid="middle_01_l" name="middle_01_l" type="JOINT">
                          <matrix>0.97732885683694576 -0.20539708631859836 -0.05138426340446243 10.78643226623535152 0.20895367287051788 0.9748432819022728 0.07758181696716293 0.39623194932937624 0.03415652481897894 -0.08655987905395908 0.99566094587989872 -0.63746154308319088 0 0 0 1</matrix>
                          <node id="middle_02_l" sid="middle_02_l" name="middle_02_l" type="JOINT">
                            <matrix>0.62155601167646304 -0.78256623453126512 0.03547129713452096 5.02109956741333007 0.78243603964646032 0.62238853314542232 0.02064843024184404 -2.841923333107843E-06 -0.03823569289566132 0.01491986530255717 0.99915735968271904 7.11219314553091E-08 0 0 0 1</matrix>
                            <node id="middle_03_l" sid="middle_03_l" name="middle_03_l" type="JOINT">
                              <matrix>0.82095386578079344 -0.56883773169228056 -0.04958210627587381 2.86151552200317376 0.57096818008396624 0.81864934077636672 0.06171380864947316 4.3931214577241917E-07 0.00548521569079009 -0.07897399476790662 0.99686158545668928 -4.118120955354243E-08 0 0 0 1</matrix>
                              <node id="middle_end_l" sid="middle_end_l" name="middle_end_l" type="JOINT">
                                <matrix>0.99999999999984176 1.1567305764210582E-07 5.505233723443767E-07 2.82292103767395024 -1.1567304046864064E-07 0.99999999999999296 -3.1194829337756265E-08 -3.435620101299719E-06 -5.50523375952774E-07 3.1194765657039E-08 0.999999999999848 3.071802439080784E-07 0 0 0 1</matrix>
                              </node>
                            </node>
                          </node>
                        </node>
                        <node id="ring_01_l" sid="ring_01_l" name="ring_01_l" type="JOINT">
                          <matrix>0.98615025897029344 -0.139976635127325 -0.08896183648764636 10.61610889434814456 0.14366039821786756 0.98895669276506544 0.03641908591751989 0.54596829414367672 0.08288158249398188 -0.04869498386503171 0.99536899782426304 1.30581510066986084 0 0 0 1</matrix>
                          <node id="ring_02_l" sid="ring_02_l" name="ring_02_l" type="JOINT">
                            <matrix>0.43055025562277952 -0.90211600675138528 -0.02851644694021542 4.646122932434082 0.90251737758170576 0.43064181848478144 0.00316343723842403 -1.1463612281659152E-07 0.00942658719792343 -0.02709860762208116 0.9995883177182216 -1.097324116017262E-06 0 0 0 1</matrix>
                            <node id="ring_03_l" sid="ring_03_l" name="ring_03_l" type="JOINT">
                              <matrix>0.71189523211254112 -0.70064275093659112 0.04800952046664438 2.54221916198730472 0.70223832524096408 0.71097580585530032 -0.03707746014996722 -5.822045750392135E-06 -0.00815555382528414 0.06010939234772256 0.9981584783456936 8.298847120613573E-08 0 0 0 1</matrix>
                              <node id="ring_end_l" sid="ring_end_l" name="ring_end_l" type="JOINT">
                                <matrix>0.99999999999997472 2.1540200564762895E-07 6.473083005167592E-08 2.5081496238708496 -2.154020041041039E-07 0.99999999999997648 -2.384529092480878E-08 1.176646492240252E-06 -6.47308351879979E-08 2.3845276981657655E-08 0.9999999999999976 -2.838276600414247E-07 0 0 0 1</matrix>
                              </node>
                            </node>
                          </node>
                        </node>
                        <node id="pinky_01_l" sid="pinky_01_l" name="pinky_01_l" type="JOINT">
                          <matrix>0.9843390529851656 0.00045042777377045026 -0.1762850699381201 10.46281719207763672 0.02885395981736683 0.9860990496241736 0.16363408365361808 0.68252295255661008 0.1739082452649243 -0.16615794126409402 0.97064280803174592 3.01511192321777343 0 0 0 1</matrix>
                          <node id="pinky_02_l" sid="pinky_02_l" name="pinky_02_l" type="JOINT">
                            <matrix>0.3521473445638162 -0.9355904754197856 -0.02574315482671922 3.40019822120666504 0.93571392959796608 0.35253795481703028 -0.01250729266300643 -4.817412104785035E-07 0.02077714304194634 -0.01968381866419807 0.9995903448962528 -1.3285767863635556E-07 0 0 0 1</matrix>
                            <node id="pinky_03_l" sid="pinky_03_l" name="pinky_03_l" type="JOINT">
                              <matrix>0.57234139742700288 -0.817666732229372 0.06201967265832699 1.56097650527954104 0.82001306882584672 0.57088238313836848 -0.04088852622771174 2.6326388251618482E-06 -0.00197275090235918 0.07425913834402838 0.99723702730408064 -2.479576721725607E-07 0 0 0 1</matrix>
                              <node id="pinky_end_l" sid="pinky_end_l" name="pinky_end_l" type="JOINT">
                                <matrix>0.99999999999999936 -2.821227258847181E-08 1.9939975121525842E-08 1.78277766704559328 2.8212272376608102E-08 0.99999999999999952 1.0625074091893507E-08 2.3357847567240242E-07 -1.993997542128332E-08 -1.0625073529341492E-08 0.99999999999999968 -1.4442166573758186E-08 0 0 0 1</matrix>
                              </node>
                            </node>
                          </node>
                        </node>
                      </node>
                      <node id="lowerarm_twist_01_l" sid="lowerarm_twist_01_l" name="lowerarm_twist_01_l" type="JOINT">
                        <matrix>0.99999999999984752 -4.8383559525694E-07 2.6615378203500956E-07 12.91866302490234368 4.364025271232437E-07 0.98776189298068336 0.15596936486062496 -4.085534328623908E-06 -3.383600940560565E-07 -0.15596936486048502 0.98776189298074384 -6.462443707277998E-06 0 0 0 1</matrix>
                      </node>
                    </node>
                    <node id="upperarm_twist_01_l" sid="upperarm_twist_01_l" name="upperarm_twist_01_l" type="JOINT">
                      <matrix>0.99999999999995744 -2.1084462703020165E-07 2.011719147941566E-07 13.34009552001953124 2.106726959983235E-07 0.99999963511568416 0.00085426486179977 9.153617384072277E-07 -2.013519585458513E-07 -0.00085426486175735 0.99999963511568608 1.83994688995881E-06 0 0 0 1</matrix>
                    </node>
                  </node>
                </node>
                <node id="clavicle_r" sid="clavicle_r" name="clavicle_r" type="JOINT">
                  <matrix>0.1992716030279086 0.05525246057510724 -0.97838540147892832 12.97032070159912112 0.04344448757494626 -0.997925657906788 -0.04750744984372932 1.56536006927490232 -0.9789807989567712 -0.03303856673193221 -0.2012586603907064 6.49089384078979496 0 0 0 1</matrix>
                  <node id="upperarm_r" sid="upperarm_r" name="upperarm_r" type="JOINT">
                    <matrix>0.32256483973415168 -0.05685476005450896 0.944838325019908 -13.6853694915771484 -0.10221188705033888 0.9902654551119912 0.09448311255166136 3.9463719758714433E-07 -0.9410125686264184 -0.12705063821557668 0.3136135855095006 1.3975309229863342E-06 0 0 0 1</matrix>
                    <node id="lowerarm_r" sid="lowerarm_r" name="lowerarm_r" type="JOINT">
                      <matrix>0.94418334241156464 0.27743577433103 -0.177615334455862 -27.96757125854492192 -0.32862024105513632 0.8308114466457152 -0.449178224418012 1.9439398784015793E-06 0.0229467444616889 0.48247459129346456 0.87560933964572016 -2.925784883700544E-06 0 0 0 1</matrix>
                      <node id="hand_r" sid="hand_r" name="hand_r" type="JOINT">
                        <matrix>0.99269249191766288 0.0930918571211412 0.07678230673819267 -25.71969032287597656 -0.07442003295743517 -0.02859220216142815 0.99681700661163184 -1.0468016853337758E-06 0.0949909215920929 -0.99524690007721056 -0.02145536533801752 -1.972991867660312E-06 0 0 0 1</matrix>
                        <node id="thumb_01_r" sid="thumb_01_r" name="thumb_01_r" type="JOINT">
                          <matrix>0.74492580943179696 0.47292847647543536 0.47055732337410896 -4.69569826126098632 0.45873641425623736 0.14902342601818624 -0.875986826803424 -1.49029779434204104 -0.4844031798798516 0.86840697523478368 -0.1059381172471096 3.21288418769836424 0 0 0 1</matrix>
                          <node id="thumb_02_r" sid="thumb_02_r" name="thumb_02_r" type="JOINT">
                            <matrix>0.92400198680429984 -0.38174898919069624 -0.02209157381420681 -3.81255149841308592 0.382197224608578 0.92382238134516176 0.02185152688612307 2.9310459126463684E-07 0.01206689202765221 -0.02863419245651068 0.99951711998302288 -1.8907453522842843E-06 0 0 0 1</matrix>
                            <node id="thumb_03_r" sid="thumb_03_r" name="thumb_03_r" type="JOINT">
                              <matrix>0.91995180982747744 -0.38999758052857832 -0.03988175995369305 -3.4732646942138672 0.38647945288551784 0.91927856882984464 -0.07456906454732842 -8.105083679765812E-07 0.06574420196838382 0.05318646512044194 0.99641803467998896 -7.113646915968275E-08 0 0 0 1</matrix>
                              <node id="thumb_end_r" sid="thumb_end_r" name="thumb_end_r" type="JOINT">
                                <matrix>0.99999999999999584 9.160538708024661E-08 -1.0786035911667404E-09 -2.59859681129455568 -9.160538716064192E-08 0.99999999999999296 -7.453671576570458E-08 1.000561383079912E-06 1.0785967632020333E-09 7.453671586451016E-08 0.99999999999999728 5.884083975615795E-07 0 0 0 1</matrix>
                              </node>
                            </node>
                          </node>
                        </node>
                        <node id="index_01_r" sid="index_01_r" name="index_01_r" type="JOINT">
                          <matrix>0.8739476151433256 -0.48570131691640176 -0.01760104346243967 -10.70457363128662112 0.48599895696675984 0.87299826321590336 0.04097616684412677 -0.51551604270935056 -0.0045364978248811 -0.04436511205541189 0.99900508358055696 2.689314603805542 0 0 0 1</matrix>
                          <node id="index_02_r" sid="index_02_r" name="index_02_r" type="JOINT">
                            <matrix>0.93229093340491968 -0.3608938215100804 -0.02427478294102552 -4.15447521209716796 0.36088268810558632 0.9325978650359328 -0.00499074704892698 4.7134878400356683E-07 0.0244397405196885 -0.00410752069630493 0.99969286651304048 -1.3233557183411904E-06 0 0 0 1</matrix>
                            <node id="index_03_r" sid="index_03_r" name="index_03_r" type="JOINT">
                              <matrix>0.9666530415357168 -0.25568638104370324 -0.01436564786294426 -2.3700668811798096 0.2551389804080516 0.96637720908884896 -0.0319247620192709 -3.311162572572357E-06 0.0220453615549341 0.02719493155757944 0.999387031000248 1.2623668510514108E-07 0 0 0 1</matrix>
                              <node id="index_end_r" sid="index_end_r" name="index_end_r" type="JOINT">
                                <matrix>0.99999999999999648 6.185073101530576E-08 5.763150780998991E-08 -2.30305242538452148 -6.185073109311766E-08 0.99999999999999808 1.3501608101353837E-09 4.480968698317156E-07 -5.763150772648136E-08 -1.3501643746862708E-09 0.9999999999999984 3.04098762171634E-07 0 0 0 1</matrix>
                              </node>
                            </node>
                          </node>
                        </node>
                        <node id="middle_01_r" sid="middle_01_r" name="middle_01_r" type="JOINT">
                          <matrix>0.8398465818748104 -0.53018732860716776 -0.1164436151001526 -10.82036113739013664 0.53497870932933992 0.84477888718658784 0.0121000962022606 -0.29005247354507448 0.091953789902924 -0.07245707935174703 0.99312359360469504 0.76889491081237792 0 0 0 1</matrix>
                          <node id="middle_02_r" sid="middle_02_r" name="middle_02_r" type="JOINT">
                            <matrix>0.75399356599694624 -0.65572546474649848 0.03895917501946216 -4.94629812240600592 0.65576612493204408 0.75484316032827712 0.01351268652894385 1.2104629831810598E-06 -0.03826867944963875 0.01535962853090472 0.99914943326039744 -3.333808535899152E-06 0 0 0 1</matrix>
                            <node id="middle_03_r" sid="middle_03_r" name="middle_03_r" type="JOINT">
                              <matrix>0.85851165990230752 -0.51100248208878872 -0.04282748079074712 -2.77727031707763664 0.51277277853320976 0.856237352090428 0.06262327427166405 -1.5153462982198107E-06 0.00466984015962566 -0.07572357746613284 0.99711791299154496 -6.474015776802844E-07 0 0 0 1</matrix>
                              <node id="middle_end_r" sid="middle_end_r" name="middle_end_r" type="JOINT">
                                <matrix>0.99999999999997056 2.0478261689654747E-07 1.299009784175723E-07 -2.7410287857055664 -2.047826093827351E-07 0.99999999999997728 -5.784262645411158E-08 -1.984275513677858E-06 -1.2990099026273377E-07 5.7842599852648556E-08 0.99999999999998992 1.336770424131828E-06 0 0 0 1</matrix>
                              </node>
                            </node>
                          </node>
                        </node>
                        <node id="ring_01_r" sid="ring_01_r" name="ring_01_r" type="JOINT">
                          <matrix>0.80886888488711984 -0.5651091719914072 -0.16242767865315786 -10.70457458496093752 0.57346551306434688 0.81921032819682704 0.00563413715598699 -0.51551568508148192 0.12987852935459634 -0.09770395031334832 0.98670436590999936 -1.17372608184814454 0 0 0 1</matrix>
                          <node id="ring_02_r" sid="ring_02_r" name="ring_02_r" type="JOINT">
                            <matrix>0.57092480375184448 -0.82052036377388816 -0.028128297020694 -4.538053035736084 0.8209506145620704 0.57093830631546528 0.00833899465085234 -5.033683692090563E-07 0.00921720733610751 -0.02785288161024875 0.9995695373884344 -4.007182141663179E-08 0 0 0 1</matrix>
                            <node id="ring_03_r" sid="ring_03_r" name="ring_03_r" type="JOINT">
                              <matrix>0.77416811702474128 -0.63151536820671384 0.04303563989422444 -2.48525881767272952 0.63293979997561952 0.77309423965384128 -0.04138243855636952 -2.3755474103381857E-06 -0.00713695937982455 0.05927593384154985 0.99821612262977536 -1.2363390169412014E-06 0 0 0 1</matrix>
                              <node id="ring_end_r" sid="ring_end_r" name="ring_end_r" type="JOINT">
                                <matrix>0.99999999999987616 -4.944512002058278E-07 5.583806962853097E-08 -2.45445585250854496 4.944511990517033E-07 0.9999999999998776 2.0669146497476533E-08 8.54242443892872E-07 -5.5838079848408425E-08 -2.0669118888273495E-08 0.99999999999999824 -2.4203791326726787E-07 0 0 0 1</matrix>
                              </node>
                            </node>
                          </node>
                        </node>
                        <node id="pinky_01_r" sid="pinky_01_r" name="pinky_01_r" type="JOINT">
                          <matrix>0.66644617695590832 -0.70774886831490336 -0.23439503539927568 -10.56947898864746096 0.73038332447453776 0.6828784396537564 0.01473892755844613 -0.60276299715042112 0.14963185673637878 -0.18102092711900644 0.9720296967657928 -2.99384951591491696 0 0 0 1</matrix>
                          <node id="pinky_02_r" sid="pinky_02_r" name="pinky_02_r" type="JOINT">
                            <matrix>0.69369518359629544 -0.71971187528271752 -0.02831622913341449 -3.541576623916626 0.71997235395120872 0.69400133228737944 -0.00140011760135151 -1.9174153749190737E-06 0.0206591820084294 -0.01941564730768028 0.99959803463110432 -9.199536634696415E-07 0 0 0 1</matrix>
                            <node id="pinky_03_r" sid="pinky_03_r" name="pinky_03_r" type="JOINT">
                              <matrix>0.71277689705054472 -0.69941246067901904 0.05264318453434103 -1.60477781295776368 0.70139052675788896 0.71069642653834 -0.05442350852274241 6.299400183706894E-07 0.00065115688452226 0.07571525046219842 0.99712926786959696 -7.500588594666624E-07 0 0 0 1</matrix>
                              <node id="pinky_end_r" sid="pinky_end_r" name="pinky_end_r" type="JOINT">
                                <matrix>0.9999999999996368 8.505944202887575E-07 5.307752767294375E-08 -1.82993638515472416 -8.505944147984624E-07 0.99999999999963296 -1.0343909983105405E-07 -9.073835940398567E-07 -5.307761565764542E-08 1.0343905468356788E-07 0.99999999999999328 -2.8343248459350434E-07 0 0 0 1</matrix>
                              </node>
                            </node>
                          </node>
                        </node>
                      </node>
                      <node id="lowerarm_twist_01_r" sid="lowerarm_twist_01_r" name="lowerarm_twist_01_r" type="JOINT">
                        <matrix>0.99999999999924416 5.371663588971216E-07 -1.105863183543729E-06 -12.85984516143798832 -5.37166311640597E-07 0.99999999999985472 4.273300099285438E-08 -2.8606307296286104E-06 1.105863206498299E-06 -4.27324069603746E-08 0.99999999999938768 -7.863475275371457E-07 0 0 0 1</matrix>
                      </node>
                    </node>
                    <node id="upperarm_twist_01_r" sid="upperarm_twist_01_r" name="upperarm_twist_01_r" type="JOINT">
                      <matrix>0.9999999999998248 -2.805039263853493E-07 5.212893711198289E-07 -13.98379325866699216 2.7521590829167424E-07 0.99994882613399776 0.01011657615817573 9.286881663683744E-07 -5.241004340613475E-07 -0.01011657615803049 0.99994882613389984 -9.854135214482085E-07 0 0 0 1</matrix>
                    </node>
                  </node>
                </node>
              </node>
            </node>
          </node>
          <node id="thigh_l" sid="thigh_l" name="thigh_l" type="JOINT">
            <matrix>0.9295973228924856 -0.36742852488897824 -0.02907054125800263 -0.00975269731134176 0.36606158944295984 0.9295760737429224 -0.04344232796693589 -1.213025939250656E-06 0.04298523008683019 0.02974226323940939 0.99863289940387008 -10.61781597137451168 0 0 0 1</matrix>
            <node id="calf_l" sid="calf_l" name="calf_l" type="JOINT">
              <matrix>0.4856574530280348 0.87365581666526768 -0.02936583602192161 -44.4228515625 -0.8739970533026496 0.48467208696603576 -0.03495881768986335 5.083118594484404E-06 -0.01630917338824263 0.04264366451105873 0.99895722067587088 2.3195461835712194E-06 0 0 0 1</matrix>
              <node id="foot_l" sid="foot_l" name="foot_l" type="JOINT">
                <matrix>0.99843436690681424 -0.05341856181249424 0.01659133006343848 -41.98737335205078128 0.05477988639746317 0.993786914978344 -0.09688514676722454 -1.7444266632082872E-05 -0.01131278151783442 0.09764233135126558 0.99515727204428336 -5.907976969865558E-07 0 0 0 1</matrix>
                <node id="ball_l" sid="ball_l" name="ball_l" type="JOINT">
                  <matrix>0.07108105497948883 0.99622162564178336 0.04989946118592477 -6.97986888885498048 -0.997378066286064 0.07030428694695365 0.01715517788750891 -14.26334381103515624 0.01358221316555447 -0.05098803624893908 0.9986069014607312 -0.2212800681591034 0 0 0 1</matrix>
                  <node id="foot_end_l" sid="foot_end_l" name="foot_end_l" type="JOINT">
                    <matrix>0.99999999999999984 0 0 6.2330002784729004 0 1 0 0 0 0 0.99999999999999984 0 0 0 0 1</matrix>
                  </node>
                </node>
              </node>
              <node id="calf_twist_01_l" sid="calf_twist_01_l" name="calf_twist_01_l" type="JOINT">
                <matrix>0.999999997695212 4.5559569036935053E-07 6.789233720166716E-05 -20.99367523193359376 1.505808592517512E-07 0.99996014256171104 -0.00892822983242424 -4.141468252782943E-06 -6.789369885006112E-05 0.00892822982206984 0.99996014025694576 -5.752622200816404E-07 0 0 0 1</matrix>
              </node>
            </node>
            <node id="thigh_twist_01_l" sid="thigh_twist_01_l" name="thigh_twist_01_l" type="JOINT">
              <matrix>0.99999999999988944 4.598809125806915E-07 9.808350030021082E-08 -22.21141433715820312 -4.5988937846076934E-07 0.99999999627341984 8.633046112774141E-05 -3.546651669239509E-06 -9.804379820344787E-08 -8.633046117283943E-05 0.99999999627352096 1.2163981182311545E-06 0 0 0 1</matrix>
            </node>
          </node>
          <node id="thigh_r" sid="thigh_r" name="thigh_r" type="JOINT">
            <matrix>-0.99695742247253808 -0.0228120241399456 -0.07453528916930266 0.00975235551595687 0.02614990223077413 -0.99868403419065296 -0.0441178248104298 -1.0299658015355817E-06 -0.07343078639258863 -0.04593268343262082 0.9962419927921352 10.61782264709472656 0 0 0 1</matrix>
            <node id="calf_r" sid="calf_r" name="calf_r" type="JOINT">
              <matrix>0.97503304251441504 0.2195989798282576 0.03296746977660667 44.19607162475585936 -0.22156249336619856 0.97199890699847328 0.07828273326300554 -1.3500689988177328E-07 -0.01485353622664326 -0.08363260639345246 0.99638594912282944 -3.6669512155640405E-06 0 0 0 1</matrix>
              <node id="foot_r" sid="foot_r" name="foot_r" type="JOINT">
                <matrix>0.98882705389954224 -0.14881158410212592 0.0087275376463159 41.27272415161132812 0.14792542917522322 0.97233655984394304 -0.18077522450317256 -3.644577418526751E-06 0.01841534359380724 0.18004645741547464 0.98348571331385376 -2.3587874693475896E-06 0 0 0 1</matrix>
                <node id="ball_r" sid="ball_r" name="ball_r" type="JOINT">
                  <matrix>-0.02357367518394298 0.99972210230553488 3.516550873462304E-07 8.19377708435058592 -0.99972138703688912 -0.02357365873851491 0.00119620847629546 15.72425365447998048 0.00119588434251482 2.784747296078826E-05 0.99999928454232304 -0.13050629198551178 0 0 0 1</matrix>
                  <node id="foot_end_r" sid="foot_end_r" name="foot_end_r" type="JOINT">
                    <matrix>1 0 0 -5.1047072410583496 0 1 0 0 0 0 0.99999999999999984 0 0 0 0 1</matrix>
                  </node>
                </node>
              </node>
              <node id="calf_twist_01_r" sid="calf_twist_01_r" name="calf_twist_01_r" type="JOINT">
                <matrix>0.99999995618800544 -2.4113234376536575E-05 -0.00029502972685374346 20.63636589050292968 -2.2549027158503345E-07 0.99661427676378304 -0.08221911791396712 -2.8789122552552726E-06 0.00029601340671265165 0.08221911437830988 0.99661423309468624 -1.121389232139336E-06 0 0 0 1</matrix>
              </node>
            </node>
            <node id="thigh_twist_01_r" sid="thigh_twist_01_r" name="thigh_twist_01_r" type="JOINT">
              <matrix>0.99999999999947008 -2.07378060684152E-07 1.0083989973445673E-06 22.09803199768066406 2.0649729985399153E-07 0.99999961863284416 0.00087334650808649 -1.755598191266472E-07 -1.0085797256794619E-06 -0.00087334650787779 0.9999996186323576 -2.0974378003302263E-06 0 0 0 1</matrix>
            </node>
          </node>
        </node>
        <node id="ik_foot_root" sid="ik_foot_root" name="ik_foot_root" type="JOINT">
          <matrix>1 0 0 0 0 1 0 0 0 0 1 0 0 0 0 1</matrix>
          <node id="ik_foot_r" sid="ik_foot_r" name="ik_foot_r" type="JOINT">
            <matrix>1 0 0 -6.71578547580538384 0 1 0 10.2022295103208336 0 0 1 -6.06931805789577794 0 0 0 1</matrix>
          </node>
          <node id="ik_foot_l" sid="ik_foot_l" name="ik_foot_l" type="JOINT">
            <matrix>1 0 0 9.35797732054500032 0 1 0 20.04305398878936728 0 0 1 -5.53187958089116808 0 0 0 1</matrix>
          </node>
        </node>
        <node id="ik_hand_root" sid="ik_hand_root" name="ik_hand_root" type="JOINT">
          <matrix>1 0 0 0 0 1 0 0 0 0 1 0 0 0 0 1</matrix>
          <node id="ik_hand_gun" sid="ik_hand_gun" name="ik_hand_gun" type="JOINT">
            <matrix>1 0 0 -25.60667778962116968 0 1 0 97.20368732785897236 0 0 1 11.79569650197864832 0 0 0 1</matrix>
            <node id="ik_hand_l" sid="ik_hand_l" name="ik_hand_l" type="JOINT">
              <matrix>1 0 0 48.74742314040290832 0 1 0 1.32322679086449568 0 0 1 -6.06837820162777319 0 0 0 1</matrix>
            </node>
            <node id="ik_hand_r" sid="ik_hand_r" name="ik_hand_r" type="JOINT">
              <matrix>1 0 0 0 0 1 0 0 0 0 1 0 0 0 0 1</matrix>
            </node>
          </node>
        </node>
      </node>
    </visual_scene>
  </library_visual_scenes>
  <library_animations />
  <scene>
    <instance_visual_scene url="#Scene" />
  </scene>
</COLLADA>